Sequence 250: [1, 2, 1, 2, 1, 2, 3, 4, 5, 6, 7, 8, 9, 10, 11, 12, 13, 14, 15, 13] - Normal
Sequence 251: [1, 2, 1, 2, 1, 2, 3, 4, 5, 6, 7, 8, 9, 10, 11, 12, 13, 14, 15, 13] - Normal
Sequence 252: [1, 2, 1, 2, 1, 2, 3, 4, 5, 6, 7, 8, 9, 10, 11, 12, 13, 14, 15, 13] - Normal
Sequence 253: [1, 2, 1, 2, 1, 2, 3, 4, 5, 6, 7, 8, 9, 10, 11, 12, 13, 14, 15, 13] - Normal
Sequence 254: [1, 2, 3, 4, 5, 6, 7, 8, 9, 10, 11, 12, 13, 11, 14, 14, 15, 15, 15, 15] - Normal
Sequence 255: [1, 2, 1, 2, 1, 2, 3, 4, 5, 6, 7, 8, 9, 10, 11, 12, 13, 14, 15, 13] - Normal
Sequence 256: [1, 2, 1, 2, 1, 2, 3, 4, 5, 6, 7, 8, 9, 10, 11, 12, 13, 14, 15, 13] - Normal
Sequence 257: [11, 2, 3, 4, 5, 16, 17, 18, 9, 20, 11, 12, 13, 21, 15, 19] - Anomaly

Summary of detected anomalies:
Sequence 257: [11, 2, 3, 4, 5, 16, 17, 18, 9, 20, 11, 12, 13, 21, 15, 19]
